充值线程挂掉而影响到的用户
1216355572331904
937136096865729
936764483478784
937212507130368
935041136092672
1218510842156288
936909889558272
1218671451981249
937079071723201
1218584208568704
2343843370786880
1215980244853888
1218124678510784
1218622983294848
22712102367363072
936977499805440
934629548784640
934851736494400
1216210848349312
652726353190848
937159069563776
1217787314308096
652447470687936
936226865167040
1217848214574208
1216117423362368
935121754013440
371046312185664
936969641986560
1216432578232320
22734418730614784
934824815459264
936389033291520
934620340865536
652629515769664
1217035880183232
1218008426700864
22718779145207808
370774397188160
652748078723264
935250087803776
371345529394752
936889373834240
934512587069504
370886552437696
935305058920576
934609514346240
22697398736158720
22761081773162496
1217935597396416
22713035124621312
935465741955328
1218211002055552
22713237069889536
652211043789696
370752609052928
1216220656572224
22746291537461248
934975525629056
936555251004928
1216801793531584
935758099518272
1216317058329856
1216330649259456
2343655411343104
1217934670044288
652876417353792
1216171849931968
1217791447304064
652446501977152
937113809167488
652818918204416
936228742169088
936262598606336
22744066589507584
1217786930230272
1215791670914432
22742936466702336
935206973043328
936078750952960
1217854873194240
1216124025534912
935344643422528
1216215638127808
1218543066272256
1217255880549312
1218253020563712
652039233995904
1218107164320320
22758408050507776
370602789229696
371122528560384
935918853286848
1216209331050048
1218430201764864
934690569892096
371333281712640
937095791092929
935195285051712
371320710868928
1218427335749056
935207311101824
2907538685206912
1218363605615808
652695973992320
1216541583037568
936549764102528
1217086556598080
1217770888050048
1217240218360448
1218632756247808
371303555895552
652723724937024
934648336081152
936267950598016
1218617717484672
934931919760192
934691090362944
370916595635264
22529493541699584
1216007654333824
1216409278822912
1216885666902720
1218295955863616
1218102056701376
935287467592960
937087771808833
935334601894592
937124196852608
936423874771072
934798742862528
1216210402361408
936970601706496
22746018065432576
1217487624104960
1218068961831232
934476692921600
22704434527846400
1218645617783105
937092376695489
1215925167234944
934732225429824
370543390883584
935112387609856
936562525927552
936428660806720
935511248646272
22730046610243584
1215932836166272
936416780163392
22696280123949056
652574820888832
1218046873918784
22716472764809216
935718937654912
936556894099392
1216067152316864
936230297705472
934497200933696
1218599712633344
936965868019137
934387736680000
1217715811972800
1217970700740736
22724771967238144
1218648185296640
1217675009107456
1216555442926144
1215912037897216
1218656106306369
1217937895147072
1215905910563456
652248970203456
934682270660032
652395328884864
936297309070912
371124140017088
937175913252417
652094687731776
936394967679040
371328145973184
936278406694912
1216404573743936
1218601216876225
935472138001792
936976704787840
936034929632064
936910268794048
934375475207936
1218642522202880
652619111691840
936107554695360
1216837236506048
1218579059356865
1218457011244993
934748045678976
936992638885953
936232586282752
1218202888330112
936637992044992
22657097271738368
1218078971987456
936440796281984
937076757001984
22726176523370496
934521870123904
936639356558976
934961027029184
935985438384256
652155497755968
935807927562112
652776957299136
370724716459776
1218097112285568
935183296685056
935787758914048
652198915972608
1218676584191360
370841297886592
22725314871263232
2907537257892289
1218688796856960
1218625129251649
652812130047424
652109799758592
936547812760960
370818922927040
22724061915447296
652056815868288
22717510883033088
1218401788635072
1218691100725185
1218295163158336
652767687014656
935200983724672
935005157981696
937190337383168
936283657848768
937158406102465
370925213959296
1218690797074241
22680707138207744
370436940656704
652109909846272
1217467109722752
22673647356723200
22754457446088704
937216883743488
1218635869945281
22752616740093952
936759720532224
1216588807210240
370454335148416
934385626700608
1216243440289024
651929125147072
370387689979712
2907534940209985
2907538826304768
936274405372480
1218210856008704
934753903934592
935255621628096
936380363743168
1218218628922752
934851047814336
935328017889344
22670725199282176
935848595304000
1218294263944384
936349762168576
370393076906752
1218258292698688
1216079306937728
1217266761754240
936358038494720
1217476866215488
1216066373016000
22736235678498816
1216875617073216
370814958229376
371317382311744
1216243384647104
935304389365056
937215067319873
936777306377792
22686507020500992
1216234758134592
1217936500948608
935405244880512
22749767566131200
1216133598421184
652527224157440
1216983747085120
937157867403841
1216503459237184
1218095960135104
1218645671120193
934592572237952
1779130749635392
370637229044864
936766227426112
370554170203392
935842452823808
1218650315616128
371300473772032
1217602564625600
936847417428416
936558908163200
652168382583360
22752653066452992
936809374107520
1218251333556800
936393990200960
22741585940873216
1218633217706240
936334660401536
934609692108160
1217499463933248
22692420033396736
934835656228480
1216937023130112
370530414046848
22750101083504640
936756009396544
935884467377408
1218689408747904
936888377303360
652294317386880
935161788708160
936385842260096
1216936918148160
370430961577984
1215922241677056
1217644902369920
937038147436544
1218648069142209
935848186031744
934459741970816
934725435375168
935543494592640
1218677543616640
937216924902337
1216873164735616
935810776691392
1216067826542016
1218129122629632
935550080215872
937217913752704
935222383111488
937130421706496
935560062351424
2907543463254656
1218117254848128
936207880936640
22754444119113728
936090784987392
934691217307008
1217332058394368
652382441532992
652792706969728
1217643436141184
936255708866048
937029766669249
1218372622733440
934425027844672
22682032632528896
937174725418752
1216012221583552
937187633823297
1218681576744897
1218669977821889
935158101604096
1216459609986688
934446210531136
370662153781504
1218573143906497
934757434293568
1217782760291008
22722079475269632
1217114034291264
652550766297664
1217907162670272
652479927148928
370779273886720
1215990287004416
1215963171080192
1217840776158272
1216138297091200
934830292744384
652859712870400
936205373800320
934403818973248
937125854209985
1218477311049921
652747263682432
934941167724224
370752143123456
937167606946881
937219187167616
652682087769600
1218386416827840
937162717290112
1216707122507072
937212396099009
937162998096256
934377251745024
1218661698414785
2907537307940224
370735907755520
1218212177737472
937131875306496
1217255595279232
935460987320384
937139745885377
1216757756927040
937162179727297
1216050395674304
1218689377619649
371355417868928
935061305578432
937015508855296
1218689321789056
1216054437019200
2907538613710529
1216686249863296
936235173183168
22730126657273856
936810139141056
934615347618752
935189845208192
1216771366237056
371308845622848
937134825052737
1216969475493568
1217061824884352
1218057071512128
1218368685113536
1217559381504000
370554503241216
1218694900160128
937219471680640
1216067049626112
652856402574912
1216073321586688
22730104263393280
936904511887040
1218606421757249
936772733277376
1218688793740928
1218688101826688
1217847182660160
936322327947072
936231205435200
370519561400384
1215988750795904
936711980041920
22713235399065600
934621021895040
937220149715777
22737437690871808
1218008663825856
1218222944974912
1216021252851712
652381110947776
934737663241024
935945270315008
935084971287040
936285017647296
371052417701760
936106747957312
935335072237568

